[soe][Equalizer#0]
inputGain=6
numBands=10

[soe][Equalizer#0#left]
band0Frequency=105
band0Gain=4.300000190734863
band0Mode=6
band0Q=0.6666666865348816
band0Type=5
band10Type=0
band11Type=0
band12Type=0
band13Type=0
band14Type=0
band15Type=0
band16Type=0
band17Type=0
band18Type=0
band19Type=0
band1Frequency=128.89999389648438
band1Gain=-1.01
band1Mode=6
band1Q=1.8899999856948853
band20Type=0
band21Type=0
band22Type=0
band23Type=0
band24Type=0
band25Type=0
band26Type=0
band27Type=0
band28Type=0
band29Type=0
band2Frequency=130.5
band2Gain=-4.599999904632568
band2Mode=6
band2Q=0.9399999976158142
band30Type=0
band31Type=0
band3Frequency=411.20001220703125
band3Gain=2.200000047683716
band3Mode=6
band3Q=1.7200000286102295
band4Frequency=1587.300048828125
band4Gain=4.699999809265137
band4Mode=6
band4Q=1.5099999904632568
band5Frequency=1641.5999755859375
band5Gain=-1.7999999523162842
band5Mode=6
band5Q=2.8399999141693115
band6Frequency=4222.10009765625
band6Gain=4.900000095367432
band6Mode=6
band6Q=3.4600000381469727
band7Frequency=6409.10009765625
band7Gain=-4
band7Mode=6
band7Q=1.7999999523162842
band8Frequency=8952.2001953125
band8Gain=-1.7000000476837158
band8Mode=6
band8Q=3.259999990463257
band9Frequency=10000
band9Gain=-4.5
band9Mode=6
band9Q=0.6666666865348816
band9Type=3

[soe][Equalizer#0#right]
band0Frequency=105
band0Gain=4.300000190734863
band0Mode=6
band0Q=0.6666666865348816
band0Type=5
band10Type=0
band11Type=0
band12Type=0
band13Type=0
band14Type=0
band15Type=0
band16Type=0
band17Type=0
band18Type=0
band19Type=0
band1Frequency=128.89999389648438
band1Gain=-1.01
band1Mode=6
band1Q=1.8899999856948853
band20Type=0
band21Type=0
band22Type=0
band23Type=0
band24Type=0
band25Type=0
band26Type=0
band27Type=0
band28Type=0
band29Type=0
band2Frequency=130.5
band2Gain=-4.599999904632568
band2Mode=6
band2Q=0.9399999976158142
band30Type=0
band31Type=0
band3Frequency=411.20001220703125
band3Gain=2.200000047683716
band3Mode=6
band3Q=1.7200000286102295
band4Frequency=1587.300048828125
band4Gain=4.699999809265137
band4Mode=6
band4Q=1.5099999904632568
band5Frequency=1641.5999755859375
band5Gain=-1.7999999523162842
band5Mode=6
band5Q=2.8399999141693115
band6Frequency=4222.10009765625
band6Gain=4.900000095367432
band6Mode=6
band6Q=3.4600000381469727
band7Frequency=6409.10009765625
band7Gain=-4
band7Mode=6
band7Q=1.7999999523162842
band8Frequency=8952.2001953125
band8Gain=-1.7000000476837158
band8Mode=6
band8Q=3.259999990463257
band9Frequency=10000
band9Gain=-4.5
band9Mode=6
band9Q=0.6666666865348816
band9Type=3
